60266005
60266008
60266011
60266012
60266014
60266015
60266016
60266018
60266020
60266021
60266022
60266026
60266028
60266029
60266030
60266033
60266035
60266036
60266039
60266042
60266044
60266047
60266049
60266052
60266053
60266055
60266059
60266060
60266061
60266062
60266063
60266064
60266065
60266067
60266068
60266069
60266070
60266072
60266074
60266075
60266078
60266080
60266081
60266083
60266089
60266091
60266095
60266097
60266098
60266104
60266106
60266107
60266109
60266111
60266114
60266115
60266116
60266117
60266118
60266119
60266120
60266121
60266123
60266124
60266125
60266127
60266128
60266129
60266131
60266132
60266133
60266134
60266137
60266140
60266141
60266142
60266143
60266145
60266146
60266147
60266149
60266151
60266153
60266154
60266155
60266156
60266157
60266158
60266161
60266162
60266163
60266165
60266167
60266171
60266173
60266175
60266176
60266179
60266180
60266181
60266182
60266185
60266187
60266188
60266189
60266190
60266194
60266195
60266197
60266199
60266200
60266201
60266202
60266204
60266205
60266209
60266210
60266216
60266218
60266221
60266224
60266228
60266230
60266232
60266234
60266235
60266236
60266237
60266242
60266243
60266244
60266250
60266251
60266252
60266253
60266258
60266260
60266261
60266267
60266268
60266269
60266270
60266271
60266272
60266273
60266276
60266277
60266279
60266280
60266281
60266282
60266285
60266286
60266289
60266293
60266294
60266295
60266296
60266299
60266303
60266304
60266308
60266309
60266311
60266314
60266315
60266316
60266317
60266318
60266319
60266320
60266322
60266323
60266324
60266325
60266326
60266327
60266328
60266330